866 3.0
-2.22
-1.16
-1.00
-0.69
-0.56
-0.46
-0.73
-0.84
-0.97
-1.12
-1.19
-1.12
-1.21
-1.35
-1.42
-1.52
-1.48
-1.18
-1.21
-1.21
-1.25
-1.42
-1.68
-1.75
-1.82
-1.87
-1.43
-1.63
-1.71
-1.71
-1.89
-1.92
-1.87
-1.81
-1.79
-1.82
-1.81
-1.88
-2.06
-2.13
-1.58
-1.13
-0.51
-0.52
-0.56
-0.57
-0.57
-0.58
-0.65
-0.78
-0.91
-0.95
-0.76
-0.67
-0.80
-0.60
-0.71
-0.63
-0.69
-0.75
-0.84
-0.81
-1.14
-1.78
-1.70
-1.70
-1.65
-1.49
-1.60
-1.84
-1.38
-1.17
-1.16
-0.99
-0.98
-1.22
-1.47
-1.71
-1.49
-1.05
-0.81
-0.85
-0.81
-0.81
-0.91
-0.95
-0.83
-0.83
-0.91
-1.07
-1.05
-1.10
-1.36
-1.86
-2.07
-1.76
-1.38
-1.39
-1.51
-1.65
-1.69
-1.68
-1.72
-1.84
-1.96
-2.07
-1.82
-2.14
-2.36
-1.13
-0.65
-0.55
-0.56
-0.90
-1.21
-0.88
-1.20
-0.82
-0.97
-0.74
-1.33
-1.34
-1.56
-1.42
-1.46
-1.55
-1.59
-1.69
-1.87
-1.84
-2.21
-2.48
-2.50
-2.66
-2.36
-2.13
-1.68
-1.01
-0.64
-0.56
-0.49
-0.63
-0.91
-0.79
-0.77
-0.98
-1.10
-1.11
-1.20
-1.35
-1.29
-1.48
-1.37
-1.23
-1.30
-1.54
-1.89
-1.73
-1.97
-1.94
-1.78
-1.63
-1.56
-1.59
-1.58
-1.77
-1.56
-1.53
-1.26
-1.25
-1.33
-1.40
-1.52
-1.66
-1.52
-1.52
-1.24
-1.10
-1.42
-1.31
-1.36
-1.59
-1.59
-1.62
-1.99
-2.02
-2.14
-2.02
-2.08
-2.18
-1.95
-1.66
-1.42
-1.47
-1.77
-1.72
-1.82
-1.85
-1.80
-1.66
-1.70
-1.87
-2.11
-1.99
-1.78
-0.91
-0.38
-0.30
-0.64
-0.53
-0.55
-0.56
-0.77
-0.85
-0.66
-0.81
-0.68
-0.66
-0.90
-1.15
-1.08
-1.34
-1.46
-1.31
-1.42
-1.70
-1.71
-2.04
-1.94
-1.76
-1.62
-1.52
-1.27
-1.40
-1.56
-1.49
-0.73
-0.73
-0.82
-0.92
-1.14
-1.29
-1.41
-1.28
-1.15
-1.02
-1.06
-0.95
-0.80
-1.02
-1.14
-1.07
-1.22
-1.36
-1.52
-1.57
-1.77
-1.72
-1.73
-1.99
-1.63
-1.30
-0.66
-0.65
-0.73
-0.88
-1.18
-1.08
-1.32
-1.45
-1.71
-1.58
-1.83
-1.72
-1.48
-1.73
-1.69
-1.74
-1.80
-1.74
-1.45
-1.62
-1.66
-1.73
-1.75
-1.76
-1.09
-0.59
-0.36
-0.36
-0.56
-0.81
-0.72
-0.69
-0.74
-0.71
-0.73
-1.20
-1.09
-1.24
-1.34
-1.25
-0.79
-0.91
-0.95
-1.03
-1.14
-1.43
-1.42
-1.34
-1.36
-1.72
-1.46
-1.65
-1.89
-1.73
-2.00
-1.42
-1.04
-0.83
-1.07
-1.40
-1.61
-1.37
-1.80
-1.36
-1.37
-1.31
-1.39
-1.49
-1.53
-1.48
-1.20
-1.13
-1.14
-1.35
-1.50
-1.26
-1.37
-1.52
-1.71
-1.56
-1.21
-1.19
-1.40
-1.39
-1.50
-1.37
-1.36
-1.42
-1.33
-1.34
-1.71
-1.87
-2.07
-1.80
-1.48
-1.32
-1.27
-1.11
-1.28
-1.46
-1.36
-1.16
-0.98
-0.97
-1.08
-1.33
-1.68
-1.57
-1.05
-0.99
-1.05
-0.59
-0.95
-1.15
-1.10
-1.37
-1.19
-1.37
-1.63
-1.56
-1.56
-1.67
-1.87
-1.93
-1.80
-1.83
-1.37
-1.40
-1.54
-1.69
-1.72
-1.65
-1.63
-1.68
-1.78
-1.26
-1.14
-1.03
-0.97
-0.99
-1.05
-1.19
-1.36
-1.43
-1.17
-1.61
-1.73
-1.77
-1.51
-1.97
-1.57
-1.31
-0.61
-0.69
-0.83
-0.96
-1.10
-1.20
-1.33
-1.41
-1.11
-1.30
-1.49
-1.61
-1.15
-1.07
-0.88
-0.84
-0.88
-0.86
-0.96
-1.13
-1.41
-1.58
-1.57
-1.42
-1.62
-1.44
-1.27
-1.15
-1.19
-1.43
-1.34
-1.11
-1.05
-1.18
-1.55
-1.64
-1.76
-1.26
-1.36
-1.41
-0.98
-1.52
-1.15
-1.17
-1.27
-1.37
-1.34
-1.88
-1.75
-1.66
-1.91
-1.61
-1.82
-1.86
-1.79
-1.11
-1.30
-1.15
-1.33
-1.34
-1.45
-1.37
-1.45
-1.65
-1.77
-1.73
-1.81
-1.96
-1.67
-1.22
-0.99
-1.04
-1.19
-1.73
-1.88
-1.86
-1.71
-1.63
-1.61
-1.63
-1.78
-1.79
-1.45
-1.20
-1.10
-1.36
-1.16
-1.23
-1.45
-1.50
-1.43
-1.34
-1.13
-1.29
-0.93
-0.84
-1.06
-1.28
-1.45
-1.50
-1.42
-1.48
-1.77
-1.58
-1.72
-1.83
-1.70
-1.59
-1.02
-1.24
-1.08
-1.30
-1.57
-1.60
-1.52
-1.45
-1.73
-1.56
-1.76
-1.79
-1.75
-1.70
-1.57
-1.60
-1.51
-1.50
-1.28
-1.74
-1.90
-1.48
-1.54
-1.57
-1.46
-1.27
-0.80
-0.96
-0.90
-0.97
-1.10
-0.92
-0.72
-1.01
-1.11
-1.41
-1.22
-1.12
-1.15
-1.24
-1.25
-1.39
-1.19
-0.99
-1.16
-1.48
-1.12
-1.24
-1.57
-1.50
-1.37
-1.22
-1.27
-1.45
-1.71
-1.46
-1.26
-1.13
-1.08
-1.13
-1.25
-1.60
-1.76
-1.55
-1.65
-1.45
-1.28
-1.13
-1.12
-1.03
-1.22
-1.14
-0.72
-0.73
-0.83
-1.19
-1.12
-1.24
-1.42
-1.71
-1.53
-1.54
-1.46
-1.34
-1.58
-1.73
-1.62
-1.13
-0.93
-1.09
-1.30
-1.62
-1.36
-1.38
-1.32
-1.17
-1.08
-1.12
-1.17
-1.31
-1.44
-1.53
-1.58
-1.64
-1.65
-1.67
-1.71
-1.78
-1.84
-1.78
-1.73
-1.67
-1.62
-1.53
-1.38
-1.45
-1.47
-1.44
-1.40
-1.33
-1.41
-1.48
-1.42
-1.57
-1.70
-1.41
-1.51
-1.12
-1.25
-1.37
-1.32
-1.69
-1.69
-1.35
-1.55
-1.57
-1.52
-1.66
-1.51
-1.47
-0.80
-1.28
-1.21
-1.40
-1.66
-1.49
-1.60
-1.48
-1.69
-1.48
-1.49
-1.29
-1.32
-1.14
-1.21
-1.32
-1.37
-1.17
-1.26
-1.32
-1.47
-1.28
-1.20
-1.35
-1.33
-1.27
-1.40
-1.42
-1.56
-1.22
-1.27
-1.55
-1.36
-1.45
-1.58
-1.66
-1.73
-1.82
-1.68
-1.63
-1.82
-1.81
-1.95
-1.57
-1.77
-1.55
-1.48
-1.96
-1.81
-1.58
-1.36
-1.16
-0.95
-1.24
-1.18
-1.34
-1.42
-1.50
-1.52
-1.36
-1.43
-1.49
-1.67
-1.59
-1.78
-1.83
-1.66
-1.36
-1.38
-1.52
-1.71
-1.90
-1.79
-1.65
-1.75
-1.63
-1.55
-1.64
-1.83
-1.57
-1.62
-1.47
-1.48
-1.41
-1.30
-1.50
-1.47
-1.49
-1.57
-1.55
-1.48
-1.71
-1.97
-1.83
-1.80
-1.73
-1.76
-1.77
-1.60
-1.45
-1.53
-1.51
-1.65
-1.96
-1.75
-1.59
-1.46
-1.39
-1.40
-1.52
-1.65
-1.73
-1.85
-1.92
-1.88
-1.99
-1.97
-1.83
-1.60
-1.55
-1.73
-1.51
-1.63
-1.48
-1.33
-1.51
-1.52
-1.53
-1.58
-1.69
-1.68
-1.65
-1.48
-1.49
-1.52
-1.49
-1.39
-1.39
-1.52
-1.47
-1.71
-1.71
-1.86
-1.75
-1.64
-1.69
-1.95
-1.66
-1.54
-1.22
-1.30
-1.34
-1.38
-1.34
-1.47
-1.51
-1.74
-1.65
-1.84
-1.83
-1.63
-1.92
-1.39
-1.40
-1.45
-1.45
-1.45
-1.45
-1.45
-1.45
-1.45
-1.45
-1.45
-1.45
-1.45
-1.45
-1.45
-1.34
-1.41
-1.32
-1.28
-1.37
-0.89
-1.38
-1.56
-1.87
-1.65
-1.80
-1.85
-1.87
-1.75
-1.86
-1.97
-1.55
-1.65
-1.67
-1.77
-1.78
-1.75
-1.77
-1.71
-1.46
-1.49
-1.01
