251 1
  1.16495351
  3.64398775
  4.75781619
  4.65920009
  1.48914127
  1.10835723
 -2.63713551
 -1.47216110
 -2.02302762
  0.35235981
 -0.49511502
  0.64422160
  1.85297600
 -1.24597088
 -0.76803673
 -1.31108614
  0.38373718
  0.93775767
  1.99878299
  3.68076556
  0.54290464
 -2.98459832
 -5.07276561
 -3.82100114
 -3.07337379
  0.51347817
  3.41382953
  5.43895501
  4.70807921
  0.84427308
 -0.21274423
 -1.57103347
 -2.54059129
 -4.66455044
 -0.79309589
  0.62811660
  1.66337486
  0.09582168
 -0.60903523
  0.26112402
 -0.10340788
  0.78741429
  1.36360706
  3.19873349
  2.84408664
  0.03069161
 -2.52235950
 -3.89236572
 -3.12492250
 -5.46144756
 -1.09819539
  4.13979652
  5.26440329
  4.03623889
  2.59984511
 -1.56559948
 -3.71766146
 -2.95154490
 -0.77098835
  0.23011897
  0.44335613
  2.23068639
  0.35890033
 -1.33324288
 -1.79042725
 -1.56396764
  0.31016939
  2.84924398
  2.20530999
  3.04778423
  1.72078518
 -2.03565956
 -3.60444913
 -4.73514762
 -0.99865254
  0.92415940
  1.20303396
  4.71770936
  2.49973112
  3.21384635
 -0.19318494
 -2.05678964
 -2.39501999
 -0.53469442
 -0.83936431
  0.81364271
  1.96115657
  1.58488795
 -1.72234160
 -1.89540839
 -0.91117166
 -1.96352904
  3.44575085
  2.24295342
  3.84968227
 -0.19867136
 -1.55084522
 -3.48718342
 -4.85876255
 -2.45467479
 -0.12744288
  3.57132023
  3.58539172
  3.57629179
  3.59038573
 -1.20799946
 -2.45904652
 -4.85607987
 -2.68858096
 -1.29000575
  0.68837601
  2.32187649
  1.58480892
  0.56302723
 -1.18607608
 -0.45153566
 -0.53606159
  1.83635294
  4.53961112
  3.59488889
  1.02649035
 -3.43299812
 -3.98292627
 -4.29266563
 -3.42228698
  0.29231488
  5.58305891
  4.22492039
  2.69676617
 -0.48386998
 -1.34748190
 -3.37091614
 -4.44092008
 -0.25416613
  0.44916757
  1.62134851
  1.76553299
 -2.26575739
  1.07888020
 -1.31746239
 -1.85308710
 -1.53394401
  2.37618244
  5.35633201
  3.06131375
  1.43389078
 -2.37019146
 -3.27687876
 -6.21035869
 -2.05220971
  0.52616250
  2.83269455
  4.88151886
  5.89802003
  2.21784545
  0.30137842
 -3.99534777
 -2.08665978
 -0.46962444
 -1.10361561
 -0.05961730
  0.38488863
  1.29815347
 -1.36561209
 -1.44235868
 -2.35800556
  1.55012594
  1.52722174
  4.14336011
  3.45732228
  0.42186180
 -1.88474637
 -4.63006051
 -5.05114732
 -1.86925339
  0.04143026
  1.91909901
  6.24945978
  3.25916974
  2.60837749
 -1.43219963
 -3.00782504
 -2.87142240
 -1.23731019
 -0.86010904
  1.28735352
  1.12402616
  0.62364338
 -1.79935512
 -1.47703324
  0.53646779
 -0.31750775
  0.98611424
  4.84336474
  3.86223525
  1.37421495
 -3.64729256
 -2.75312727
 -5.28027142
 -4.22771654
 -0.70266880
  3.37357805
  5.33537171
  4.52326435
  1.92175762
  1.21465498
 -3.33917946
 -3.15967783
 -3.00613384
 -0.09868591
 -0.98007717
  2.00568673
 -0.49551571
 -0.70996453
 -2.40518848
 -2.18962245
 -1.36992258
  1.31351159
  3.48134872
  3.18963728
  2.13496184
 -1.54072106
 -6.45595218
 -5.71158056
 -3.15873078
 -2.52670612
  2.70416717
  4.08911842
  4.63991535
  2.74450451
  0.31209832
 -2.89709414
 -3.50296786
 -0.83718955
  1.31681855
  0.56813826
  1.50046969
 -0.35765437
 -0.56823745
 -0.57992856
 -1.54558052
  0.64955945
  2.32210965
  2.64455874
  2.15642004
  2.46774236
 -3.18950326
 -4.80503906
 -6.18713319
 -3.11259796
  0.39672705
